76561198115767500
76561198013554714
76561198046122914
76561198060771978
76561198074242096
76561198076317761
76561198076634820
76561198085850514
76561198122023028
76561197994334329
76561197996270919
76561198002749732
76561198017377973
76561198029878568
76561198038418877
76561198043099616
76561198043783752
76561198044385229
76561198044467997
76561198045087011
76561198057401802
76561198062331232
76561198063529791
76561198064889904
76561198066804734
76561198074972489
76561198081693469
76561198086406069
76561198089507546
76561198101492148
76561198105639243
76561198107393654
76561198127650731
76561198127817297
76561198173609143
76561198180129983
76561198267350538
76561198018691937
76561198055324271
76561198075474620
76561197960893407
76561197961541377
76561197964978781
76561197971966703
76561197975347817
76561197989124414
76561198011154852
76561198013717703
76561198014613189
76561198017986220
76561198018081655
76561198021077492
76561198041304525
76561198041716568
76561198051726494
76561198052061571
76561198052920202
76561198058356831
76561198064305786
76561198066198373
76561198067837873
76561198068725791
76561198079413641
76561198114329618
76561198116423560
76561198128803179
76561198134767940
76561198170822629
76561198192534469
76561197962966791
76561197981323300
76561198015399128
76561198046873819
76561198055912433
76561198074525031
76561198113334227
76561198124096313
76561198142414776
76561198175858918
76561198247508650
76561198017623071
76561198046922685
76561198051193508
76561198025066541
76561198074594158
76561198248973756
76561197994578798
76561198007264399
76561198022592471
76561198087994273
