76561198115767500
76561198013554714
76561198046122914
76561198060771978
76561198074242096
76561198076317761
76561198076634820
76561198085850514
76561198122023028
76561197994334329
76561197996270919
76561198002749732
76561198017377973
76561198029878568
76561198038418877
76561198043099616
76561198043783752
76561198044385229
76561198044467997
76561198045087011
76561198057401802
76561198062331232
76561198063529791
76561198064889904
76561198066804734
76561198074972489
76561198081693469
76561198086406069
76561198089507546
76561198101492148
76561198105639243
76561198107393654
76561198127650731
76561198127817297
76561198173609143
76561198180129983
76561198267350538
76561198018691937
76561198055324271
76561198075474620
76561197960893407
76561197961541377
76561197964978781
76561197971966703
76561197975347817
76561197989124414
76561198011154852
76561198013717703
76561198014613189
76561198017986220
76561198018081655
76561198021077492
76561198041304525
76561198041716568
76561198051726494
76561198052061571
76561198052920202
76561198058356831
76561198064305786
76561198066198373
76561198067837873
76561198068725791
76561198079413641
76561198114329618
76561198116423560
76561198128803179
76561198134767940
76561198170822629
76561198192534469
76561197962966791
76561197981323300
76561198015399128
76561198046873819
76561198055912433
76561198074525031
76561198113334227
76561198124096313
76561198142414776
76561198175858918
76561198247508650
76561198017623071
76561198046922685
76561198051193508
76561198025066541
76561198074594158
76561198248973756
76561197994578798
76561198007264399
76561198022592471
76561198087994273
76561197971563419
76561198016603516
76561198035896854
76561198039419017
76561198050078164
76561198132966722
76561197966399701
76561197969412859
76561197976522414
76561197984047072
76561197990355203
76561197995860967
76561197996319755
76561197998304067
76561197998479915
76561197998826202
76561198004461396
76561198010259725
76561198017045896
76561198017592868
76561198018451183
76561198022853488
76561198026209225
76561198042724156
76561198043930643
76561198044903358
76561198046603836
76561198058261107
76561198062540560
76561198080531050
76561198134820764
76561197975135953
76561197979990405
76561197982841050
76561197986450137
76561197989926943
76561197990754301
76561197991170933
76561197991451756
76561197995269132
76561197995773878
76561197998339479
76561197998773277
76561198008358568
76561198015689900
76561198021286403
76561198031566611
76561198031567327
76561198031710055
76561198033497243
76561198036147827
76561198065021532
76561198072748620
76561198076624728
76561198087923694
76561198088080454
76561198133572810
76561197962343148
76561197965408176
76561198001439986
76561198048669133
76561198066548827
76561198066619078
76561198200086118
76561198017980181
76561198054859622
76561198095282356
76561198102923590
76561198147684303
76561197969000546
76561197981313837
76561197987476295
76561197992074863
76561197992570319
76561197993424515
76561197995839249
76561197997351938
76561197999611066
76561198000024843
76561198000283929
76561198001581164
76561198002148108
76561198007893718
76561198016780773
76561198024683203
76561198025077099
76561198025929359
76561198032437837
76561198035658358
76561198039588459
76561198042259272
76561198043342034
76561198045190934
76561198050026928
76561198055646585
76561198055980046
76561198059461819
76561198061181030
76561198062005928
76561198062282458
76561198064179202
76561198064192215
76561198064678675
76561198068942428
76561198069718134
76561198070678265
76561198070744603
76561198073786359
76561198075800668
76561198089769836
76561198090713354
76561198124851773
76561197971436048
76561197975986596
76561197976184869
76561197977811731
76561197979438727
76561197993438394
76561197993803273
76561197994939255
76561197997130108
76561197998915731
76561198003408563
76561198006824937
76561198011042407
76561198012392876
76561198012515208
76561198018586353
76561198019405288
76561198023718661
76561198024454833
76561198025691210
76561198026598713
76561198026662120
76561198026756680
76561198028610399
76561198028996039
76561198029205644
76561198029265285
76561198029678935
76561198029997391
76561198031827407
76561198031864108
76561198033962040
76561198034109630
76561198034518769
76561198035431835
76561198036394305
76561198037224964
76561198038858219
76561198039135785
76561198039210463
76561198039812298
76561198040365065
76561198040495502
76561198041502877
76561198042440742
76561198043213561
76561198043832147
76561198043967413
76561198044529691
76561198044618943
76561198044694271
76561198044736187
76561198045658386
76561198047488508
76561198047861348
76561198048830833
76561198049674824
76561198050972651
76561198052947823
76561198053865835
76561198054847774
76561198055102854
76561198055172121
76561198056337971
76561198056956410
76561198057080327
76561198057177979
76561198057698109
76561198057704493
76561198058945716
76561198059738257
76561198060917401
76561198060979630
76561198061340282
76561198064059275
76561198065634918
76561198065915351
76561198066138121
76561198067366466
76561198068047670
76561198068804368
76561198068878373
76561198068972499
76561198070092854
76561198071338065
76561198071415643
76561198072329452
76561198073755874
76561198074623954
76561198075048354
76561198076743049
76561198078886428
76561198079974239
76561198080332852
76561198081696566
76561198083333507
76561198084300549
76561198084319684
76561198084442561
76561198084851085
76561198085085448
76561198085651722
76561198086337645
76561198086548102
76561198088039240
76561198088456232
76561198088878356
76561198089612436
76561198093569615
76561198095242204
76561198095712801
76561198095837022
76561198096247567
76561198096755250
76561198097720228
76561198098103177
76561198100223552
76561198101862541
76561198102473602
76561198104814495
76561198105334168
76561198105609244
76561198105984479
76561198106663659
76561198106895581
76561198109471185
76561198110235119
76561198113188695
76561198113294346
76561198114654080
76561198117720964
76561198118610347
76561198119503750
76561198119600634
76561198120309679
76561198122736720
76561198127705130
76561198128627560
76561198129015505
76561198132536489
76561198133064390
76561198136171637
76561198138219002
76561198138796282
76561198139165551
76561198139923064
76561198140984452
76561198144342663
76561198146179806
76561198146364894
76561198147346934
76561198148136839
76561198148376890
76561198149853841
76561198152117997
76561198153861815
76561198154079652
76561198156614607
76561198156708674
76561198157493895
76561198158831132
76561198159846918
76561198160663115
76561198163477987
76561198165087813
76561198165471972
76561198167138815
76561198170331917
76561198170485221
76561198170569394
76561198171647734
76561198172088622
76561198174295477
76561198175667149
76561198189113745
76561198191646945
76561198192142457
76561198196307857
76561198198786557
76561198199315227
76561198200151183
76561198201089621
76561198203969993
76561198204961873
76561198206098068
76561198208981391
76561198209267720
76561198214354077
76561198215688540
76561198215992544
76561198222696500
76561198229706748
76561198232440224
76561198233225212
76561198237638258
76561198238801278
76561198251743774
76561198253028107
76561198254291126
76561198254668647
76561198259031987
76561198273166367
76561197988026913
76561198085407020
76561198093673544
76561197970755847
76561197988473093
76561197990389129
76561197994472755
76561197994943912
76561197995223175
76561197995963940
76561197996598247
76561197997270020
76561197997409724
76561198001402100
76561198006046712
76561198013531994
76561198030190143
76561198033279465
76561198035528880
76561198036498260
76561198038168822
76561198040044700
76561198040965617
76561198044029746
76561198044653770
76561198045028196
76561198048881482
76561198052437886
76561198070526915
76561198071206330
76561198071250528
76561198072213959
76561198072683032
76561198074464795
76561198076690779
76561198078631846
76561198081616126
76561198081621956
76561198081635829
76561198086404385
76561198089695203
76561198126363588
76561198143201160
76561197960442007
76561197965705844
76561197989714821
76561198013345029
76561198015706826
76561198017135655
76561198017142572
76561198022998845
76561198027947422
76561198029592639
76561198031918727
76561198037885027
76561198038416085
76561198042950590
76561198044254742
76561198050533957
76561198054772121
76561198056098098
76561198058466163
76561198059226845
76561198059967894
76561198062747120
76561198062816343
76561198065217030
76561198067100176
76561198070408643
76561198071494814
76561198074275586
76561198081467464
76561198082610624
76561198084909605
76561198086236129
76561198086654515
76561198086892683
76561198105648595
76561198135982067
76561198136706587
76561198164732456
76561198165204663
76561197960832508
76561197985093333
76561197987495450
76561197988900229
76561198009698402
76561198010401948
76561198011363855
76561198012618965
76561198012721342
76561198012735851
76561198013385419
76561198018005602
76561198020356162
76561198021020984
76561198021349084
76561198025730317
76561198027019118
76561198027356492
76561198032490726
76561198032515299
76561198032570839
76561198033360672
76561198034905633
76561198034962028
76561198035287788
76561198036254983
76561198037510737
76561198040269841
76561198041796560
76561198043882248
76561198044365862
76561198044983201
76561198045689434
76561198045775820
76561198046072841
76561198046513050
76561198047439118
76561198047706676
76561198048487803
76561198048645574
76561198049293816
76561198049433518
76561198050885260
76561198052695463
76561198053740684
76561198054625214
76561198054881743
76561198055955389
76561198055994779
76561198056120726
76561198056750845
76561198057903305
76561198059702733
76561198059760526
76561198060090363
76561198060688289
76561198061259993
76561198061619902
76561198061642093
76561198061647507
76561198062620135
76561198062791632
76561198064433548
76561198064444739
76561198064872107
76561198064926985
76561198064935172
76561198065096929
76561198065147308
76561198065519855
76561198066301934
76561198066307966
76561198066321553
76561198066347657
76561198067983742
76561198068628050
76561198069040454
76561198069324814
76561198069558815
76561198069651678
76561198070766379
76561198071029180
76561198072240413
76561198072547792
76561198073074074
76561198073567388
76561198073572550
76561198073661390
76561198074161654
76561198074337969
76561198074971959
76561198075005786
76561198076247705
76561198077337531
76561198077742453
76561198078157849
76561198078521853
76561198078545211
76561198079170479
76561198079750859
76561198080584110
76561198081174853
76561198081383114
76561198081393453
76561198081915245
76561198081972548
76561198083942883
76561198084739239
76561198085221990
76561198085789017
76561198085848209
76561198086135283
76561198086221981
76561198088896899
76561198089436384
76561198089527527
76561198090069232
76561198090707737
76561198091653363
76561198091928371
76561198093057006
76561198094106817
76561198094474695
76561198094994031
76561198095978190
76561198096023844
76561198096401402
76561198097162821
76561198097287877
76561198097311768
76561198098442717
76561198098732661
76561198102000280
76561198103320327
76561198103342703
76561198103382246
76561198103395999
76561198105683447
76561198105782710
76561198106349883
76561198108221453
76561198108786718
76561198110470683
76561198110640002
76561198112378433
76561198113397573
76561198113714382
76561198113897730
76561198113984986
76561198115306837
76561198115595350
76561198115842787
76561198117119342
76561198118460682
76561198118612442
76561198118682642
76561198118801817
76561198119047812
76561198119151388
76561198119292580
76561198119517506
76561198121117972
76561198121379366
76561198121834307
76561198123388015
76561198123668041
76561198123696550
76561198124265728
76561198126026856
76561198126562804
76561198126660547
76561198127546996
76561198129010862
76561198129143844
76561198130294185
76561198131463848
76561198131795034
76561198133275493
76561198134812676
76561198135044675
76561198135800422
76561198136485949
76561198136971668
76561198137113586
76561198138322262
76561198138345600
76561198140167535
76561198140383781
76561198140695679
76561198140883600
76561198141256629
76561198142117716
76561198142174199
76561198142916064
76561198143388279
76561198144806790
76561198144939413
76561198145413347
76561198146107956
76561198146748708
76561198147066032
76561198147760261
76561198148472406
76561198149443651
76561198149703089
76561198150541328
76561198150756370
76561198151588069
76561198152807046
76561198153382263
76561198153710401
76561198154111267
76561198154398493
76561198154649687
76561198155237339
76561198157554834
76561198159481747
76561198160844497
76561198161637153
76561198161998558
76561198163225807
76561198163427396
76561198164705253
76561198165351562
76561198168786691
76561198177818401
76561198179170158
76561198181456946
76561198181527506
76561198183119615
76561198184094289
76561198185525513
76561198185622813
76561198188228002
76561198196058658
76561198199939577
76561198200387359
76561198202353151
76561198204369404
76561198213391088
76561198214150192
76561198239308190
76561198242422872
76561198243623524
76561198257959493
76561198258179511
76561198262747521
76561198268025672
76561197989154398
76561198008871965
76561198043614955
76561198044868113
76561198049081536
76561198052004328
76561198060289472
76561198061892753
76561198061904519
76561198067510435
76561198073684139
76561198074860395
76561198081040909
76561198202319929
76561197960356691
76561197960388240
76561197960421981
76561197960600482
76561197960665911
76561197962117566
76561197963552042
76561197964098231
76561197965274181
76561197965975995
76561197966455874
76561197968749406
76561197973165073
76561197973900518
76561197974690792
76561197975095139
76561197975267578
76561197977623233
76561197979157836
76561197979893883
76561197981232492
76561197982267294
76561197982315570
76561197982536410
76561197982890090
76561197983832927
76561197985023206
76561197986906619
76561197988498873
76561197988717106
76561197989016243
76561197990626493
76561197991378655
76561197991976404
76561197992061432
76561197993392154
76561197994525262
76561197994660246
76561197996676618
76561197999618200
76561197999854377
76561198000009941
76561198003462575
76561198003977650
76561198004040101
76561198004569895
76561198005010859
76561198006722012
76561198007736197
76561198008549470
76561198009598004
76561198009647974
76561198010204489
76561198013232472
76561198014139934
76561198014368444
76561198015117105
76561198016035641
76561198016891305
76561198018002342
76561198019439653
76561198021407432
76561198024767269
76561198025368846
76561198026386974
76561198026604747
76561198028059239
76561198028836644
76561198032255102
76561198033902073
76561198036156845
76561198036392695
76561198038476543
76561198039584964
76561198041208429
76561198042075076
76561198044454662
76561198044592411
76561198044866984
76561198046151337
76561198046981481
76561198047014838
76561198047016502
76561198047020776
76561198047061570
76561198047091008
76561198047137278
76561198047244470
76561198047385220
76561198047646129
76561198050973530
76561198051696541
76561198051741863
76561198052338416
76561198052346016
76561198053149574
76561198053381466
76561198053984949
76561198054341600
76561198060068893
76561198060110736
76561198062635797
76561198062815784
76561198063689648
76561198064397260
76561198065463244
76561198065643229
76561198066338866
76561198066399042
76561198067488992
76561198070686718
76561198071329680
76561198073937972
76561198074819533
76561198078095093
76561198080899487
76561198080919225
76561198081489507
76561198081903142
76561198084471935
76561198088555295
76561198090478427
76561198111356612
76561198113946282
76561198116181271
76561198127311662
76561198148012450
76561198153264424
76561198161790514
76561198180189939
76561198205123447
76561197971942584
76561197972391669
76561198001958844
76561198003746117
76561198007766840
76561198008194083
76561198009589755
76561198009816823
76561198014339781
76561198016346571
76561198017858591
76561198018668841
76561198019737392
76561198020660046
76561198021311331
76561198021445145
76561198021925884
76561198022015339
76561198024660867
76561198024972074
76561198026246504
76561198026397859
76561198029313654
76561198035956020
76561198037384521
76561198037504391
76561198038545658
76561198038625355
76561198038993463
76561198039830012
76561198040447093
76561198040684747
76561198040690463
76561198040777609
76561198042629316
76561198042708601
76561198043324096
76561198044575690
76561198044891084
76561198045043130
76561198046353331
76561198048116950
76561198048410588
76561198048818840
76561198049152894
76561198049568872
76561198049749224
76561198052288951
76561198053010455
76561198053538586
76561198054745480
76561198055105463
76561198055382062
76561198055489927
76561198060576143
76561198062802311
76561198063137382
76561198065411284
76561198065807954
76561198067123306
76561198069252165
76561198069696276
76561198070534173
76561198072177776
76561198072559172
76561198072603770
76561198073581354
76561198076837636
76561198077021682
76561198078168000
76561198082622989
76561198084858301
76561198089113845
76561198089577364
76561198091898849
76561198118669890
76561198119424800
76561198130228143
76561198141832164
76561198143031511
76561198146159042
76561198155187434
76561198155609593
76561198201366429
76561197997070079
76561198000763881
76561198045834666
76561198050838873
76561198071722832
76561198085187715
76561198085863559
76561198093502431
76561198106644303
76561198117083660
76561198118211218
76561198124348177
76561198134864950
76561197994085629
76561197994358528
76561197997626246
76561198000381476
76561198008388192
76561198009045835
76561198021774794
76561198030925451
76561198031148472
76561198045592610
76561198053028473
76561198054592314
76561198080252925
76561198080468180
76561198090882372
76561198140147454
76561198141933602
76561198153605260
76561198231104016
76561197960358084
76561197960385935
76561197960953969
76561197963193488
76561197965556178
76561197966664542
76561197968287058
76561197968347024
76561197968751687
76561197969665155
76561197972262644
76561197976230558
76561197976351416
76561197977435070
76561197981566402
76561197981763212
76561197985682231
76561197990021781
76561197990812056
76561197990974837
76561197992740627
76561197997123073
76561197999234516
76561197999412889
76561198002596011
76561198006253177
76561198009922583
76561198010312960
76561198010876451
76561198014164075
76561198014404374
76561198018734889
76561198023126936
76561198023730417
76561198025737270
76561198026592640
76561198028138706
76561198031719013
76561198033657100
76561198034964858
76561198034998125
76561198036117083
76561198037217248
76561198037342363
76561198037834070
76561198039686290
76561198043720371
76561198043776684
76561198043975335
76561198044425112
76561198045176442
76561198045342993
76561198045580498
76561198045779921
76561198046183874
76561198047295832
76561198047394013
76561198047837446
76561198047959783
76561198048418829
76561198049192501
76561198051261164
76561198055647759
76561198056073974
76561198056951247
76561198057419173
76561198057436343
76561198058763417
76561198059452406
76561198059512530
76561198060115120
76561198060169845
76561198060855505
76561198061282326
76561198061376237
76561198061402527
76561198062121667
76561198062355812
76561198062568196
76561198062726750
76561198063442336
76561198063887250
76561198063892681
76561198064010962
76561198064678700
76561198065554776
76561198065691578
76561198066246930
76561198066388316
76561198066416821
76561198066532976
76561198067369776
76561198067387500
76561198068054726
76561198068774292
76561198069297704
76561198069626563
76561198070023244
76561198070470640
76561198071319250
76561198072701454
76561198074579473
76561198075387656
76561198075671522
76561198076530812
76561198076535806
76561198076616597
76561198076734773
76561198078270986
76561198079391348
76561198079671224
76561198080738653
76561198081752665
76561198081877810
76561198081975572
76561198081980399
76561198082882596
76561198083606838
76561198084137102
76561198084358695
76561198084464609
76561198086018388
76561198086475375
76561198086502761
76561198086548576
76561198087038405
76561198087280933
76561198087621968
76561198087876700
76561198088904181
76561198089340760
76561198090649259
76561198090835513
76561198092059525
76561198092408457
76561198092782190
76561198093928010
76561198094849747
76561198095249436
76561198095465886
76561198096018615
76561198096237019
76561198096649683
76561198096997911
76561198098263560
76561198099765105
76561198099778698
76561198099843841
76561198102148100
76561198103395165
76561198103826965
76561198104640987
76561198104888490
76561198106184616
76561198106635032
76561198106950466
76561198108639629
76561198109063212
76561198109086669
76561198109822544
76561198110495451
76561198110570227
76561198111406318
76561198111637432
76561198113352282
76561198114957984
76561198114966421
76561198115656268
76561198115887338
76561198116014672
76561198117299292
76561198118150097
76561198118551368
76561198119578038
76561198119587625
76561198119662522
76561198121127402
76561198121168635
76561198121520551
76561198122128534
76561198123298831
76561198123973274
76561198124149333
76561198124174061
76561198124281857
76561198124292675
76561198124417445
76561198124967479
76561198127051448
76561198127454224
76561198127773667
76561198127946642
76561198128209174
76561198128210495
76561198129055344
76561198129925865
76561198131684467
76561198131929494
76561198132276373
76561198132777779
76561198132943667
76561198133016895
76561198133197658
76561198133229876
76561198133322900
76561198134072894
76561198134304299
76561198134443372
76561198134940457
76561198135277011
76561198135383328
76561198136280195
76561198137639611
76561198138008121
76561198139355482
76561198139421056
76561198140571094
76561198140931907
76561198141369506
76561198141525823
76561198141909969
76561198142320905
76561198142776111
76561198143363363
76561198143649701
76561198143902901
76561198143908933
76561198144421274
76561198144822499
76561198145357775
76561198146447866
76561198146814412
76561198147936870
76561198148127132
76561198148354688
76561198148355418
76561198148806603
76561198149433111
76561198150627763
76561198152326956
76561198152608383
76561198152664451
76561198152881206
76561198153866947
76561198153982783
76561198154158252
76561198154837190
76561198155891147
76561198155912960
76561198157321107
76561198157353379
76561198158375785
76561198158958445
76561198162750090
76561198164388894
76561198166861965
76561198167778565
76561198169976485
76561198170116482
76561198170952638
76561198171127766
76561198173691566
76561198174988237
76561198176125115
76561198177893343
76561198177963739
76561198183012397
76561198189758885
76561198190565253
76561198192978455
76561198195633354
76561198197997197
76561198201977273
76561198202140012
76561198202314544
76561198209442188
76561198212111872
76561198213370236
76561198217410908
76561198218086972
76561198220733824
76561198222382400
76561198230626108
76561198238467058
76561198245410460
76561198253098744
76561198262042618
76561198058403186
76561197972383519
76561197975531545
76561197987505654
76561197995915986
76561197996991818
76561197998104346
76561197998837410
76561198000174125
76561198005642752
76561198007644974
76561198011663847
76561198016221993
76561198020024075
76561198032727671
76561198033132662
76561198034634878
76561198035244650
76561198035853452
76561198038543288
76561198039749336
76561198043064953
76561198043784371
76561198046191142
76561198046473275
76561198046925665
76561198047525952
76561198047860834
76561198048380752
76561198048392996
76561198049756305
76561198050628367
76561198051039926
76561198052450485
76561198053150295
76561198053172418
76561198053485320
76561198054327882
76561198054432412
76561198055626712
76561198055966478
76561198058561577
76561198060848646
76561198063889376
76561198064002975
76561198064270845
76561198064640073
76561198065134926
76561198065591515
76561198065899712
76561198066728152
76561198066732551
76561198067578509
76561198068188466
76561198069107511
76561198070853641
76561198071019864
76561198071382413
76561198071669512
76561198071973748
76561198072626021
76561198072822345
76561198072860407
76561198074140744
76561198075788406
76561198078380344
76561198081268116
76561198081736266
76561198083463940
76561198084286891
76561198085900150
76561198086248306
76561198086998239
76561198087880381
76561198088402413
76561198089526282
76561198092186252
76561198093935531
76561198094481505
76561198094893745
76561198095194950
76561198096267300
76561198097779490
76561198100647273
76561198101147398
76561198101237869
76561198101939078
76561198102319199
76561198111020179
76561198112754788
76561198113071630
76561198113302325
76561198116650488
76561198117632454
76561198118799847
76561198119026119
76561198121444015
76561198123392913
76561198126190319
76561198127088772
76561198127551959
76561198128259380
76561198129122713
76561198129368468
76561198131116786
76561198132341232
76561198135937719
76561198139719262
76561198140220379
76561198142214145
76561198142702687
76561198144632335
76561198146357038
76561198146748983
76561198147113682
76561198149161833
76561198149185537
76561198149591076
76561198149779934
76561198150208712
76561198151054451
76561198152235484
76561198152295423
76561198152296377
76561198157582622
76561198157674075
76561198157738042
76561198157964204
76561198168501395
76561198169227283
76561198172840825
76561198172859365
76561198175466147
76561198186796482
76561198197283493
76561198198256381
76561198199060483
76561198203293512
76561198205565491
76561198225038068
76561198226157340
76561198272392200
76561198009609244
76561198011875930
76561198016092674
76561198037962286
76561198057576027
76561198065470716
76561198071279338
76561198079306673
76561198081183343
76561198083917189
76561198090212774
76561198091221353
76561198092694351
76561198094377591
76561198095835625
76561198102104121
76561198110125681
76561198113945923
76561198118565378
76561198119014057
76561198119540762
76561198123484260
76561198133185192
76561198153069365
76561198158263993
76561198162329199
76561198162665409
76561198166027629
76561198167104067
76561198167376032
76561198168738373
76561198169941837
76561198170881626
76561198172880219
76561198177246963
76561198190024717
76561198190937589
76561198193112931
76561198195684531
76561198196669194
76561198199083771
76561198201463963
76561198202393447
76561198202570707
76561198216606144
76561198218822797
76561197967853593
76561197969448214
76561197980677999
76561197989007687
76561197994685122
76561198000106124
76561198006427121
76561198006741459
76561198009186768
76561198014473429
76561198015877517
76561198027290999
76561198029211367
76561198031430792
76561198032012030
76561198032176942
76561198034209524
76561198034251280
76561198039048888
76561198039413115
76561198040918221
76561198041598594
76561198043470590
76561198045576149
76561198045666275
76561198045887192
76561198046224484
76561198046670122
76561198047195966
76561198047257520
76561198047574371
76561198049504324
76561198050827981
76561198052031622
76561198052465908
76561198052580914
76561198053567428
76561198053619534
76561198054323937
76561198055823861
76561198056265963
76561198056285250
76561198056422822
76561198057120614
76561198057274576
76561198057785652
76561198058933441
76561198058971314
76561198059693344
76561198059986503
76561198061166268
76561198061340319
76561198061584202
76561198061666848
76561198061773458
76561198061930970
76561198063234648
76561198063858445
76561198064039428
76561198064101186
76561198064418136
76561198064468218
76561198064970089
76561198065835873
76561198066097701
76561198067840183
76561198068176506
76561198070586471
76561198070631825
76561198071350731
76561198071686921
76561198072408564
76561198072722315
76561198072838356
76561198073341053
76561198074021670
76561198074193376
76561198074880177
76561198079533912
76561198080090692
76561198080958798
76561198081286422
76561198081599084
76561198081657686
76561198082544864
76561198082871837
76561198083122789
76561198083424644
76561198087605341
76561198088528762
76561198088575817
76561198088882251
76561198089192610
76561198089220592
76561198089520489
76561198089651022
76561198090335223
76561198090769807
76561198092559764
76561198092586877
76561198092648865
76561198093525440
76561198093949233
76561198094648483
76561198095222960
76561198095251410
76561198095254144
76561198095955993
76561198096044285
76561198097060893
76561198097475486
76561198098653344
76561198099376934
76561198100142375
76561198101212204
76561198102238447
76561198105463113
76561198105729921
76561198105937786
76561198106146052
76561198107093208
76561198107096502
76561198107417643
76561198107590320
76561198109627791
76561198110070594
76561198110563159
76561198111309064
76561198114019898
76561198115138201
76561198117359728
76561198117604346
76561198121330166
76561198123057598
76561198123426186
76561198123658585
76561198125109866
76561198128415725
76561198129638206
76561198131063201
76561198131183365
76561198136100960
76561198136983095
76561198137383819
76561198137657276
76561198141639298
76561198142815385
76561198144499548
76561198147961534
76561198150150198
76561198151625037
76561198160156942
76561198169057161
76561198169405478
76561198174013577
76561198176274279
76561198176885622
76561198188706261
76561198212358088
76561198214224048
76561198214270305
76561198225767964
76561198001442625
76561198009626180
76561198030994735
76561198034149477
76561198035673943
76561198046195118
76561198049796827
76561198051796745
76561198051988459
76561198053334473
76561198058165753
76561198062833183
76561198066353617
76561198084227497
76561198087899547
76561198093852605
76561198096389307
76561198097690983
76561198101659762
76561198122158467
76561198129548314
76561198131656692
76561198132231270
76561198136927315
76561198154142614
76561198155001722
76561198169517004
76561198176001257
76561198187567026
76561198188899517
76561198218759476
76561198220559003
76561198232397004
76561198052322895
76561198000057028
76561198045638527
76561198074289992
76561198076818851
76561197987107676
76561197989529547
76561198010076343
76561198016150234
76561198021877695
76561198024947083
76561198027728433
76561198027936746
76561198046545105
76561198047464256
76561198054916834
76561198055300101
76561198061394348
76561198126023656
76561198137894653
76561198152821573
76561197966405977
76561197966423120
76561197978467102
76561197988408138
76561197988638894
76561197989134021
76561197990381799
76561197991199896
76561197992417633
76561198004729159
76561198005835572
76561198006859251
76561198008084208
76561198008486063
76561198012612547
76561198015705528
76561198018497486
76561198023757589
76561198032548634
76561198032818683
76561198034167567
76561198034546573
76561198038421897
76561198038490000
76561198038725991
76561198043865432
76561198044348784
76561198045296214
76561198048553470
76561198049003289
76561198052377929
76561198054080764
76561198057678992
76561198059699102
76561198066461274
76561198067139689
76561198067694532
76561198072103057
76561198073874954
76561198074441997
76561198078166014
76561198078516076
76561198081120803
76561198081196650
76561198081297343
76561198082086768
76561198082909780
76561198082976883
76561198085519713
76561198086214310
76561198086841894
76561198087948980
76561198088318994
76561198088703244
76561198089465258
76561198089968991
76561198090314439
76561198090589269
76561198091479044
76561198094434025
76561198094798613
76561198095570882
76561198100849784
76561198101934928
76561198104591960
76561198108889295
76561198111953030
76561198115173271
76561198121282741
76561198125626317
76561198128504864
76561198131225107
76561198131342955
76561198134184087
76561198134904540
76561198135192228
76561198136329036
76561198137695153
76561198139194277
76561198140287366
76561198140308178
76561198144894878
76561198148938551
76561198150585433
76561198153191760
76561198153342810
76561198159635458
76561198166632811
76561198171241850
76561198195783753
76561198203797060
76561198208269448
76561198211098531
76561198218734112
76561198252329502
76561197960357907
76561197960383572
76561197960552012
76561197960578864
76561197960735230
76561197961819155
76561197962297565
76561197962492818
76561197965112833
76561197972417313
76561197979323047
76561197981381773
76561197983394004
76561197987819677
76561197990018434
76561198026390254
76561198040012217
76561198054129154
76561198060883002
76561198078366689
76561198085591727
76561198092530213
76561198123976442
76561198199469214
76561198203264627
76561197960412534
76561197960424257
76561197961076690
76561197962309200
76561197963524605
76561197964754993
76561197965965373
76561197966679237
76561197974815168
76561197976653821
76561197983659727
76561197983719131
76561197992856472
76561197994687378
76561197996570336
76561197999438591
76561198002554132
76561198006533991
76561198008135930
76561198011132629
76561198014373616
76561198014875458
76561198023865744
76561198026955111
76561198054015649
76561198058591187
76561198067910642
76561198080799193
76561198137850514
76561198152672751
76561198191275993
76561198228837908
76561197960514065
76561197981114113
76561198013670341
76561198014831117
76561198043467758
76561198055623132
76561198094647811
76561198136855873
76561197961287042
76561197967864512
76561197968669066
76561197985427684
76561197989644388
76561198117388019
76561198166005555
76561198169378221
76561198244949308
76561197960427291
76561197982569048
76561197990258507
76561197990885275
76561197994614522
76561197994921974
76561197997842079
76561198002358938
76561198006131964
76561198008998262
76561198012947640
76561198013993183
76561198029594134
76561198030266286
76561198073067903
76561198107550792
76561198174778499
76561198198721071
76561198237088794
76561197960831106
76561197964452555
76561197966152523
76561197969429570
76561197971141070
76561197972265021
76561197976120397
76561197976165830
76561197980475206
76561197982525678
76561197984292368
76561197985091573
76561197985676754
76561197994511262
76561197995095609
76561197995236991
76561197996541203
76561197996872927
76561197997265731
76561197997664037
76561197997728706
76561197998008681
76561197998043488
76561197998231941
76561197998578271
76561197999660039
76561198000174262
76561198000521858
76561198002059871
76561198003716292
76561198004261399
76561198004339403
76561198004950696
76561198007593226
76561198008242863
76561198010630329
76561198013798205
76561198014336767
76561198016651709
76561198022242466
76561198022424848
76561198029501418
76561198035880666
76561198035930648
76561198036353097
76561198052624529
76561198056724179
76561198068948103
76561198077827883
76561198078724220
76561198082421280
76561198083878799
76561198089481605
76561198101510038
76561198102995784
76561198132153753
76561198141982105
76561198149175922
76561198149557082
76561198156130488
76561198156279412
76561198234258972
76561198258448245
76561197986999351
76561197991430077
76561197993474490
76561197996171270
76561197998169911
76561197999699784
76561198001512476
76561198005636990
76561198012728743
76561198013140315
76561198014378517
76561198015607448
76561198018919504
76561198067371763
76561198078040229
76561198092740022
76561198105588292
76561198118017464
76561198133812287
76561198138181138
76561198139330592
76561198143720376
76561198167173062
76561198204988140
76561197965581360
76561197971548817
76561197974338421
76561197974546507
76561197974721295
76561197974889761
76561197982107857
76561197983518825
76561197983875947
76561197988414053
76561197988529408
76561197988656936
76561197989990910
76561197991451767
76561197991768245
76561197993074080
76561197994493043
76561197996875748
76561197998275400
76561197998379000
76561197998584040
76561197999936069
76561197999936648
76561197999937069
76561198000148735
76561198000534286
76561198001844442
76561198001897945
76561198002154357
76561198002533129
76561198003599404
76561198003675947
76561198004228074
76561198004250215
76561198004305246
76561198006805817
76561198006821021
76561198007266004
76561198007451667
76561198008650021
76561198008841423
76561198008992564
76561198009795750
76561198010685094
76561198013639402
76561198014776765
76561198014830498
76561198015489258
76561198015592174
76561198015608498
76561198015917605
76561198017036236
76561198017876237
76561198018757376
76561198019065872
76561198019352516
76561198019764146
76561198020760511
76561198021369996
76561198021426865
76561198021767436
76561198021818320
76561198022103526
76561198022563670
76561198023087860
76561198023400201
76561198023414877
76561198023418058
76561198023527084
76561198023667730
76561198023925623
76561198024036437
76561198025760247
76561198026634881
76561198026694842
76561198027127222
76561198029474914
76561198029885105
76561198031417208
76561198032350106
76561198033032451
76561198033243481
76561198034452235
76561198035862346
76561198036584587
76561198037387457
76561198038041587
76561198038285061
76561198038568192
76561198038636865
76561198038840433
76561198038940016
76561198039035837
76561198040031186
76561198040324423
76561198040345356
76561198040946752
76561198041079232
76561198041291523
76561198042207912
76561198042790654
76561198044762687
76561198047661445
76561198050308581
76561198050581843
76561198051873216
76561198051922350
76561198052140058
76561198056615262
76561198058839662
76561198059032496
76561198059936736
76561198062177761
76561198064500646
76561198076028092
76561198079041353
76561198114101019
76561198119385555
76561198121468688
76561198127866523
76561198157088550
76561198170048115
76561198171499587
76561198220817724
76561197960894956
76561197962067403
76561197966051901
76561197974583974
76561197975186519
76561197981645529
76561197982148858
76561197986194629
76561197986373429
76561197989348005
76561197990584075
76561197992395493
76561197994817566
76561197995398175
76561197995527096
76561197997159022
76561197999121552
76561197999149410
76561198000823720
76561198001142758
76561198003445754
76561198004381296
76561198004549868
76561198005213112
76561198005809930
76561198007087645
76561198008515223
76561198008709924
76561198010127857
76561198010452970
76561198010818232
76561198012350413
76561198014943754
76561198015021701
76561198015046794
76561198015098774
76561198018178030
76561198018383965
76561198018606019
76561198019043672
76561198020046281
76561198022735530
76561198023645730
76561198024080068
76561198025992896
76561198027742107
76561198028555048
76561198028996197
76561198029021712
76561198029682787
76561198031727002
76561198032599540
76561198035157381
76561198035389495
76561198035457732
76561198036508200
76561198036896403
76561198037275900
76561198038511635
76561198038535760
76561198039408969
76561198040228734
76561198042361151
76561198042684697
76561198043508629
76561198044261052
76561198044508367
76561198044859907
76561198046278593
76561198046875393
76561198047136583
76561198048140129
76561198048475200
76561198049081674
76561198049775669
76561198050252338
76561198055744104
76561198058180078
76561198058864292
76561198059995609
76561198062903321
76561198062923798
76561198067149589
76561198068607727
76561198069738412
76561198070660190
76561198070840109
76561198071693008
76561198081732958
76561198085601304
76561198086378507
76561198090400317
76561198090829680
76561198091018749
76561198092843039
76561198109615017
76561198120195118
76561198124035507
76561198135384929
76561198146020364
76561198146941240
76561198149432760
76561198153051627
76561198157581955
76561198158000002
76561198158785722
76561198166014989
76561198166502535
76561198168071922
76561198182264710
76561198188345166
76561198209438663
76561198210199029
76561198239769514
76561198243352280
76561198245775392
76561198261683261
76561198262435901
76561197962991358
76561197973145580
76561197988030583
76561197993491796
76561198009226749
76561198011644922
76561198025528282
76561198025635094
76561198026744686
76561198044907541
76561198057020469
76561198069130463
76561198072758602
76561198079477827
76561198091227874
76561198098738932
76561198103968050
76561198111448956
76561198202755208
76561197964942478
76561197965169438
76561197966861915
76561197978727148
76561197979118974
76561197979643952
76561197980487543
76561197983805360
76561197986244325
76561197987301614
76561197991912789
76561197993713301
76561197993844589
76561197994170771
76561197994555417
76561197995547135
76561197998519859
76561198000006739
76561198000284719
76561198001575771
76561198002204431
76561198010749329
76561198014334308
76561198014591888
76561198014883201
76561198015120871
76561198021395558
76561198023708418
76561198028241471
76561198032123172
76561198047729956
76561198050775842
76561198051132913
76561198056253612
76561198059886514
76561198064974601
76561198070039948
76561198070422797
76561198079524318
76561198083667505
76561198084793070
76561198084887687
76561198095542165
76561198109949110
76561198110004801
76561198120820248
76561198125488360
76561198165059594
76561198180699115
76561198272851705
76561198021431640
76561198041305345
76561198048663275
76561198069485258
76561197991192538
76561198017828210
76561198029427190
76561198037498199
76561198057681080
76561198066434486
76561198081326238
76561198101514788
76561198201739858
76561198235085284
76561198006374236
76561198034742739
76561198152531860
76561197978804327
76561197980117645
76561197995675323
76561198009300757
76561198013699311
76561198021735255
76561198041206346
76561198044077681
76561198048834869
76561198053939823
76561198058814359
76561198074487753
76561198116590045
76561198203670889
76561198210736060
76561197996435565
76561198023960521
76561198039163318
76561198059907771
76561197984799025
76561197995267575
76561198007563530
76561198015126773
76561198022303271
76561198024792165
76561198044799645
76561198046740624
76561198054997068
76561198062546183
76561198088728332
76561198094006276
76561197982021711
76561197997376138
76561198011438416
76561198017523056
76561198039032386
76561198040582583
76561198040993222
76561198052383254
76561198073286691
76561198146614394
76561198184312195
76561198039666474
76561198067140953
76561197972308649
76561198035345482
76561198150300345
76561197960355174
76561197965386631
76561197972008932
76561197973413825
76561197975051387
76561197978628198
76561197980461573
76561197982940387
76561197982980729
76561197988596189
76561197993511035
76561197993913655
76561198003407025
76561198006547209
76561198007958051
76561198008917625
76561198016788390
76561198020802847
76561198023793858
76561198026835273
76561198027470467
76561198038583658
76561198039182626
76561198040790986
76561198043847772
76561198043852928
76561198044496316
76561198047159213
76561198047662972
76561198048891700
76561198053572885
76561198058350232
76561198069091425
76561198085645956
76561198103436559
76561198104521247
76561198106099335
76561198106117113
76561198111724286
76561198124188902
76561198132356008
76561198195638795
76561197962354931
76561197966967515
76561197978516162
76561197991174054
76561197992867600
76561197996977925
76561198000455276
76561198003058392
76561198028375851
76561198029258659
76561198031888464
76561198035276090
76561198039357031
76561198055029182
76561198064003626
76561198068883779
76561198071065165
76561198074037108
76561198082505091
76561198084950769
76561198085045814
76561198087318775
76561198114364443
76561198117258511
76561198125117823
76561198134745862
76561198140236909
76561198176178145
76561198181979314
76561198205493752
76561198214016364
76561198224356860
76561198228682376
76561198002235423
76561198084814039
76561198008403391
76561198008419676
76561198014463779
76561198022904047
76561198028381626
76561198069484992
76561198073486214
76561198119329963
76561198126115924
76561198131882647
76561197981512239
76561198006757148
76561198027876290
76561198058933856
76561198062088751
76561198138829495
76561198149478407
76561197960443484
76561197962274188
76561197963939461
76561197972938130
76561197972985160
76561197975699021
76561197978689406
76561197981271398
76561197985142297
76561197986091903
76561197987150526
76561197989832965
76561197990304094
76561197990346923
76561197991997409
76561197992296068
76561197992761703
76561197993160268
76561197993737412
76561197997965993
76561197998407111
76561197999391914
76561198000068960
76561198000492641
76561198001372912
76561198001485229
76561198003165127
76561198003367155
76561198003635926
76561198004368854
76561198004780248
76561198007571547
76561198008692980
76561198009589781
76561198010006942
76561198010360846
76561198010408323
76561198011279267
76561198011379709
76561198012985150
76561198013663981
76561198014076877
76561198015112479
76561198015452461
76561198015529127
76561198015553460
76561198015776303
76561198015905299
76561198016135188
76561198016202169
76561198016280760
76561198016397865
76561198016566735
76561198017147454
76561198017456368
76561198017514094
76561198017515695
76561198017545081
76561198017561311
76561198017588082
76561198017611836
76561198017683263
76561198017685684
76561198017686825
76561198017880053
76561198017984843
76561198018081853
76561198018088080
76561198018175530
76561198018339277
76561198018560412
76561198018596372
76561198018628995
76561198018777082
76561198018864803
76561198018925011
76561198019002380
76561198019041185
76561198019556364
76561198020350077
76561198020380974
76561198020427294
76561198020502784
76561198020680502
76561198020872680
76561198021380810
76561198021898494
76561198022035918
76561198023037956
76561198023344597
76561198023734207
76561198023913303
76561198024063676
76561198024250093
76561198024496708
76561198024842595
76561198026144159
76561198026294295
76561198027180241
76561198027518224
76561198027842733
76561198028272313
76561198029295394
76561198029722867
76561198029840757
76561198030683483
76561198031765447
76561198032963577
76561198033157833
76561198033172976
76561198033268663
76561198035776280
76561198036135096
76561198037668809
76561198037871677
76561198038172379
76561198039270799
76561198041203162
76561198042949576
76561198045131077
76561198045403091
76561198046052254
76561198047767421
76561198049160880
76561198050398676
76561198050727744
76561198052531958
76561198055060977
76561198056769437
76561198058775476
76561198058933507
76561198059588483
76561198060391419
76561198064045013
76561198065461447
76561198067372739
76561198069632934
76561198077515141
76561198077865862
76561198098851864
76561198108056707
76561198117456588
76561198118428398
76561198119620255
76561198120337770
76561198120468845
76561198124362398
76561198126737248
76561198128589990
76561198129925452
76561198129936177
76561198136933321
76561198152352518
76561198154051336
76561198154097058
76561197964567317
76561197973567925
76561197981090488
76561197985578001
76561197989170347
76561197996018162
76561197999762597
76561198001684943
76561198006020387
76561198007461840
76561198015073598
76561198020918998
76561198026066239
76561198036533013
76561198044324668
76561198047489209
76561198080451609
76561198085842899
76561198133017814
76561198168824881
76561198173682850
76561197965327178
76561198049717636
76561198049886025
76561197972209752
76561197983033648
76561197991605150
76561197998530541
76561198014863248
76561198034809912
76561198035373468
76561198041651606
76561198055389267
76561198096410492
76561197966688392
76561197969616551
76561197973928343
76561197979659622
76561197980094286
76561197981543928
76561197983983460
76561197990717110
76561197991468985
76561197997655598
76561197998964245
76561198000178708
76561198010081206
76561198011597758
76561198013825207
76561198015136312
76561198016675184
76561198021191230
76561198023634281
76561198023652607
76561198030759688
76561198031599132
76561198032301098
76561198032700305
76561198051227151
76561198057438292
76561198058403021
76561198061664556
76561198072120459
76561198072493976
76561198075283009
76561198076808869
76561198077316847
76561198087742375
76561198088143869
76561198090474036
76561198091034276
76561198097772175
76561198099929875
76561198101584874
76561198105035032
76561198107366055
76561198107402390
76561198110351029
76561198112980847
76561198116462276
76561198119358677
76561198122887818
76561198125996150
76561198126237516
76561198143655065
76561198148282897
76561198149487605
76561198162208496
76561198165243647
76561198170425698
76561198184225622
76561198190273334
76561198190283085
76561198195615773
76561198199296195
76561198201148601
76561198203495040
76561198206123345
76561198211841528
76561198214730725
76561198246838208
76561198252341638
76561197960508316
76561197962397907
76561197962920427
76561197963969017
76561197971791706
76561197977734746
76561197977971162
76561197979415018
76561197983110181
76561197983850415
76561197987627394
76561197988274648
76561197991681055
76561197991985019
76561197993712462
76561197994674173
76561197995237408
76561197996539658
76561197998536832
76561198006136600
76561198007029829
76561198007428383
76561198009015948
76561198013463823
76561198013531580
76561198015477724
76561198015492887
76561198017451809
76561198019244755
76561198019284654
76561198020830455
76561198021593074
76561198024796346
76561198024929335
76561198025795109
76561198026544872
76561198027049332
76561198035621165
76561198038520717
76561198038935321
76561198040766497
76561198044138343
76561198046855702
76561198047070422
76561198047142880
76561198047191139
76561198048418984
76561198049319126
76561198051481286
76561198052817075
76561198055981288
76561198057975479
76561198058382571
76561198061812707
76561198064002323
76561198068015347
76561198070941045
76561198074223032
76561198074379791
76561198074514326
76561198074706274
76561198078617686
76561198079409901
76561198082437540
76561198082864758
76561198085045628
76561198085669716
76561198085675119
76561198087335776
76561198087404525
76561198087727223
76561198088684362
76561198093511462
76561198094223251
76561198101872863
76561198123670597
76561198124544688
76561198128919569
76561198154545883
76561198159884944
76561198165026380
76561198165165990
76561198169069104
76561198205092220
76561198213697623
76561198017249518
76561198076238026
76561198125612051
76561198213539125
76561197965211808
76561197970902625
76561197976936461
76561197977985844
76561197979256622
76561197984474678
76561197986054866
76561197988789351
76561197994077613
76561197995873018
76561198004676137
76561198004738884
76561198005041400
76561198012152186
76561198022081538
76561198028640065
76561198035998836
76561198040751878
76561198044112355
76561198051283900
76561198054285223
76561198060272100
76561198061283648
76561198064142365
76561198064185969
76561198070734775
76561198082025648
76561198112163749
76561198112490419
76561198125340121
76561198126038967
76561198136165603
76561198137219972
76561198141104053
76561198143769688
76561198150365343
76561198151624508
76561198151715281
76561198181812879
76561198188601537
76561198259295680
76561197960483299
76561198010221778
76561198047220896
76561198087674160
76561198096129778
76561198109211557
